0.62643333 -0.06708473 0.00211143 0.01807102 0.00759503 -0.00221904 -0.00639766 -0.00304775 0.00086909 -0.00293148
-0.06708473 0.30999820 0.03296917 0.02981026 0.02140222 0.01059320 0.00082023 0.00271548 0.00205776 -0.00674278
0.00211143 0.03296917 0.12603425 0.01063442 0.00237267 -0.00153664 -0.00099238 -0.00475753 0.00090185 0.00098977
0.01807102 0.02981026 0.01063442 0.07688142 0.00134177 0.00395241 -0.00109232 0.00270446 -0.00011874 -0.00215155
0.00759503 0.02140222 0.00237267 0.00134177 0.03688179 0.00937112 0.00476569 0.00203693 0.00324212 0.00182833
-0.00221904 0.01059320 -0.00153664 0.00395241 0.00937112 0.02522751 0.00545488 0.00270209 0.00337046 0.00188761
-0.00639766 0.00082023 -0.00099238 -0.00109232 0.00476569 0.00545488 0.01179252 0.00377830 0.00271074 0.00256124
-0.00304775 0.00271548 -0.00475753 0.00270446 0.00203693 0.00270209 0.00377830 0.00857104 0.00336564 0.00219959
0.00086909 0.00205776 0.00090185 -0.00011874 0.00324212 0.00337046 0.00271074 0.00336564 0.00596445 0.00261502
-0.00293148 -0.00674278 0.00098977 -0.00215155 0.00182833 0.00188761 0.00256124 0.00219959 0.00261502 0.00431817
