0.79336906 0.01812217 -0.01990517 0.00062888 0.00618829 -0.01068827 -0.00959013 -0.00987228 0.00384203 -0.00195514
0.01812217 0.51218738 0.03536895 0.00562582 0.01173747 0.01193707 0.00225830 0.00308011 -0.00641110 -0.00371925
-0.01990517 0.03536895 0.24337463 0.01882569 0.00228575 -0.00407855 0.00447624 -0.00257220 -0.00057981 0.00062926
0.00062888 0.00562582 0.01882569 0.08954001 0.00097723 -0.00964272 0.00018593 -0.00092065 0.00039361 -0.00219853
0.00618829 0.01173747 0.00228575 0.00097723 0.04030251 0.00470680 0.00245899 0.00199010 -0.00103543 0.00141748
-0.01068827 0.01193707 -0.00407855 -0.00964272 0.00470680 0.02759885 0.00215382 0.00223103 -0.00014084 0.00239382
-0.00959013 0.00225830 0.00447624 0.00018593 0.00245899 0.00215382 0.01311399 0.00369037 0.00104223 0.00051891
-0.00987228 0.00308011 -0.00257220 -0.00092065 0.00199010 0.00223103 0.00369037 0.00913059 0.00166505 0.00130577
0.00384203 -0.00641110 -0.00057981 0.00039361 -0.00103543 -0.00014084 0.00104223 0.00166505 0.00347973 0.00114238
-0.00195514 -0.00371925 0.00062926 -0.00219853 0.00141748 0.00239382 0.00051891 0.00130577 0.00114238 0.00269677
