0.48433464 -0.03358374 0.01302414 0.00033531 0.00101847 -0.00704924 -0.00159344 -0.00681736 -0.00156652 -0.00218314
-0.03358374 0.25756519 0.01723052 0.03202527 0.01537551 0.01812031 0.00324633 -0.00016483 0.00471849 -0.00436182
0.01302414 0.01723052 0.09607348 0.01502751 0.00173773 -0.00652684 0.00278578 -0.00268251 0.00147105 0.00290803
0.00033531 0.03202527 0.01502751 0.06420973 0.00000372 0.00317087 -0.00030966 0.00284071 0.00064829 -0.00151953
0.00101847 0.01537551 0.00173773 0.00000372 0.03039027 0.01120363 0.00628998 0.00195289 0.00222180 0.00218067
-0.00704924 0.01812031 -0.00652684 0.00317087 0.01120363 0.02138568 0.00612359 0.00327293 0.00336097 0.00145818
-0.00159344 0.00324633 0.00278578 -0.00030966 0.00628998 0.00612359 0.01058874 0.00389853 0.00246634 0.00211198
-0.00681736 -0.00016483 -0.00268251 0.00284071 0.00195289 0.00327293 0.00389853 0.00718643 0.00306367 0.00203867
-0.00156652 0.00471849 0.00147105 0.00064829 0.00222180 0.00336097 0.00246634 0.00306367 0.00504241 0.00232979
-0.00218314 -0.00436182 0.00290803 -0.00151953 0.00218067 0.00145818 0.00211198 0.00203867 0.00232979 0.00377096
