11.69389792 0.39903064 0.30640072 -0.53355531 0.08153990 -0.18061386 -0.06631804 -0.04531763 -0.00509532 0.02655405
0.39903064 5.60311495 -0.04550559 -0.25194008 -0.34878496 0.09576216 0.07705567 -0.06622359 -0.00516817 -0.01278288
0.30640072 -0.04550559 2.29031714 0.26739490 -0.24572032 -0.03377348 0.06423574 -0.01131627 0.00799889 0.00928470
-0.53355531 -0.25194008 0.26739490 1.31667447 0.06704995 -0.01038325 -0.05905343 -0.00264999 0.00130183 0.01199260
0.08153990 -0.34878496 -0.24572032 0.06704995 0.56673556 0.02420349 -0.00166490 -0.00415956 0.00535906 0.01617261
-0.18061386 0.09576216 -0.03377348 -0.01038325 0.02420349 0.22159156 0.02567766 0.01817798 0.00632027 0.00989653
-0.06631804 0.07705567 0.06423574 -0.05905343 -0.00166490 0.02567766 0.13222012 0.01633185 0.01086925 0.00414264
-0.04531763 -0.06622359 -0.01131627 -0.00264999 -0.00415956 0.01817798 0.01633185 0.07477994 0.01909672 0.00583969
-0.00509532 -0.00516817 0.00799889 0.00130183 0.00535906 0.00632027 0.01086925 0.01909672 0.03786647 0.00486194
0.02655405 -0.01278288 0.00928470 0.01199260 0.01617261 0.00989653 0.00414264 0.00583969 0.00486194 0.01950389
