3.77295761 0.09071631 0.40621005 0.01955753 0.01809311 0.03123080 0.00588015 0.01780988 0.02398271 0.00536795
0.09071631 1.58153699 -0.03786335 -0.03190164 -0.09302975 -0.08111393 -0.02289998 -0.01512997 -0.00334472 0.01778211
0.40621005 -0.03786335 0.92560507 0.06767006 0.03085850 0.03244426 0.00069035 -0.00784454 0.01556583 0.01790951
0.01955753 -0.03190164 0.06767006 0.40760340 0.02746773 0.02232804 -0.00706598 0.00227485 0.00382448 -0.00431297
0.01809311 -0.09302975 0.03085850 0.02746773 0.15447979 0.02799525 -0.00233647 -0.00028895 0.00374435 0.00153778
0.03123080 -0.08111393 0.03244426 0.02232804 0.02799525 0.10154178 0.00376539 0.00061385 0.00547515 -0.00242251
0.00588015 -0.02289998 0.00069035 -0.00706598 -0.00233647 0.00376539 0.04544363 0.00053969 0.00085245 0.00204059
0.01780988 -0.01512997 -0.00784454 0.00227485 -0.00028895 0.00061385 0.00053969 0.02348405 -0.00054647 0.00078589
0.02398271 -0.00334472 0.01556583 0.00382448 0.00374435 0.00547515 0.00085245 -0.00054647 0.01324761 0.00115748
0.00536795 0.01778211 0.01790951 -0.00431297 0.00153778 -0.00242251 0.00204059 0.00078589 0.00115748 0.00628088
