2.31647799 -0.03183861 -0.09100361 0.13804987 0.08654270 0.02485876 -0.06764814 0.01255031 -0.00627676 0.00388191
-0.03183861 1.49930069 -0.00993662 -0.06524152 0.06336037 0.03069379 0.02479168 0.00973184 -0.02468835 -0.00405225
-0.09100361 -0.00993662 0.54576580 -0.01538654 -0.03187701 0.00165523 0.00448278 -0.00295380 -0.00265592 -0.00093838
0.13804987 -0.06524152 -0.01538654 0.20050487 0.00497146 -0.00377146 -0.00808640 0.00291091 0.00241240 -0.00717079
0.08654270 0.06336037 -0.03187701 0.00497146 0.13298523 0.00846128 0.00341822 0.00850439 0.00466276 0.00312562
0.02485876 0.03069379 0.00165523 -0.00377146 0.00846128 0.05852703 0.01174427 0.00637623 -0.00171182 0.00102200
-0.06764814 0.02479168 0.00448278 -0.00808640 0.00341822 0.01174427 0.03178744 0.00541818 0.00063222 0.00047169
0.01255031 0.00973184 -0.00295380 0.00291091 0.00850439 0.00637623 0.00541818 0.01899501 0.00444420 0.00156557
-0.00627676 -0.02468835 -0.00265592 0.00241240 0.00466276 -0.00171182 0.00063222 0.00444420 0.00854303 0.00162623
0.00388191 -0.00405225 -0.00093838 -0.00717079 0.00312562 0.00102200 0.00047169 0.00156557 0.00162623 0.00523820
