99.30488317 2.35268307 -2.25545287 1.48587281 -1.26940325 -0.11716760 -0.70297586 0.65448184 -0.02061063 -0.04311599
2.35268307 52.40792140 -2.21219439 -0.27043904 0.87879431 -0.30281873 -0.45764342 -0.11086585 0.10909485 -0.15738867
-2.25545287 -2.21219439 20.48991926 -0.27412909 2.18733386 0.97791669 0.72779047 -0.13291937 0.20446617 -0.00474708
1.48587281 -0.27043904 -0.27412909 9.00435376 0.50959626 -0.07758867 -0.39414831 -0.19520116 0.14362332 -0.08969259
-1.26940325 0.87879431 2.18733386 0.50959626 4.58651215 0.67102142 0.14555767 -0.19523139 -0.15578201 -0.02237648
-0.11716760 -0.30281873 0.97791669 -0.07758867 0.67102142 2.74872103 0.20994069 0.05636261 -0.10436090 -0.07025297
-0.70297586 -0.45764342 0.72779047 -0.39414831 0.14555767 0.20994069 1.16458985 0.09227377 -0.05179310 -0.01461007
0.65448184 -0.11086585 -0.13291937 -0.19520116 -0.19523139 0.05636261 0.09227377 0.34584641 0.00228225 0.00862942
-0.02061063 0.10909485 0.20446617 0.14362332 -0.15578201 -0.10436090 -0.05179310 0.00228225 0.20231810 0.02504861
-0.04311599 -0.15738867 -0.00474708 -0.08969259 -0.02237648 -0.07025297 -0.01461007 0.00862942 0.02504861 0.09510588
