23.23215642 2.34676844 -0.56129488 -0.14786247 0.07915210 -0.11368689 -0.45108161 -0.14693198 0.13654236 0.05381818
2.34676844 11.42294497 -0.18039288 -0.29738313 0.21447246 0.12833371 -0.07239327 -0.11684550 0.12631848 -0.07059976
-0.56129488 -0.18039288 4.95341435 -0.43290277 0.28499482 0.09463209 0.11128572 0.11197149 0.04598545 0.01165716
-0.14786247 -0.29738313 -0.43290277 2.61726201 -0.16433263 -0.12542274 -0.08826146 0.17220926 0.04504935 0.03505545
0.07915210 0.21447246 0.28499482 -0.16433263 1.32313266 0.17113440 0.06118027 0.00975294 0.02826163 -0.00877470
-0.11368689 0.12833371 0.09463209 -0.12542274 0.17113440 0.53427601 -0.01036118 -0.04686623 -0.01442223 -0.01566137
-0.45108161 -0.07239327 0.11128572 -0.08826146 0.06118027 -0.01036118 0.28235764 0.01464421 0.00645155 0.01054000
-0.14693198 -0.11684550 0.11197149 0.17220926 0.00975294 -0.04686623 0.01464421 0.11085398 0.00545412 0.01081014
0.13654236 0.12631848 0.04598545 0.04504935 0.02826163 -0.01442223 0.00645155 0.00545412 0.05954390 0.00826101
0.05381818 -0.07059976 0.01165716 0.03505545 -0.00877470 -0.01566137 0.01054000 0.01081014 0.00826101 0.02859134
