4.74270522 0.66613066 -0.41125847 0.02408914 0.12865320 -0.00306916 -0.12611545 0.00224949 -0.02263572 0.00168223
0.66613066 2.56481182 -0.20499723 -0.09668222 0.06656151 0.00760701 0.03738589 0.01337186 -0.01310087 0.00093652
-0.41125847 -0.20499723 1.10141278 -0.05638976 -0.07865027 -0.02086417 0.00881572 -0.03121779 0.00905638 0.00945962
0.02408914 -0.09668222 -0.05638976 0.54536562 0.03451373 -0.01696028 -0.02519825 0.00215342 0.00569774 -0.01000288
0.12865320 0.06656151 -0.07865027 0.03451373 0.22234815 0.01313117 0.01066129 0.00670359 0.00576369 0.00229534
-0.00306916 0.00760701 -0.02086417 -0.01696028 0.01313117 0.09848161 0.00822366 0.00952551 0.00185349 0.00297378
-0.12611545 0.03738589 0.00881572 -0.02519825 0.01066129 0.00822366 0.05828569 0.00435621 0.00147322 0.00106858
0.00224949 0.01337186 -0.03121779 0.00215342 0.00670359 0.00952551 0.00435621 0.02707985 0.00778518 0.00146417
-0.02263572 -0.01310087 0.00905638 0.00569774 0.00576369 0.00185349 0.00147322 0.00778518 0.01476483 0.00379272
0.00168223 0.00093652 0.00945962 -0.01000288 0.00229534 0.00297378 0.00106858 0.00146417 0.00379272 0.00914963
