0.38941601 -0.01830142 0.01899380 -0.00206932 -0.00134969 0.00280984 -0.00705657 -0.00538249 -0.00064852 -0.00204650
-0.01830142 0.19914682 0.01060105 0.02268105 0.01405997 0.01734782 0.00363116 0.00175758 0.00539975 -0.00159116
0.01899380 0.01060105 0.07537184 0.00452259 -0.00074426 -0.00510399 0.00168716 -0.00131019 0.00042157 0.00294751
-0.00206932 0.02268105 0.00452259 0.04806967 0.00166559 0.00360329 0.00031083 0.00296941 0.00039281 -0.00054207
-0.00134969 0.01405997 -0.00074426 0.00166559 0.02719629 0.00960852 0.00513272 0.00201116 0.00289063 0.00197298
0.00280984 0.01734782 -0.00510399 0.00360329 0.00960852 0.01824409 0.00467750 0.00234341 0.00310608 0.00116730
-0.00705657 0.00363116 0.00168716 0.00031083 0.00513272 0.00467750 0.00920202 0.00404399 0.00208799 0.00179356
-0.00538249 0.00175758 -0.00131019 0.00296941 0.00201116 0.00234341 0.00404399 0.00665188 0.00277053 0.00206170
-0.00064852 0.00539975 0.00042157 0.00039281 0.00289063 0.00310608 0.00208799 0.00277053 0.00441412 0.00224575
-0.00204650 -0.00159116 0.00294751 -0.00054207 0.00197298 0.00116730 0.00179356 0.00206170 0.00224575 0.00351245
